5212790
1128075598634
1183738298880
28097377156
166206272300
1207780291612
439151472426
283348107400
371558085528
61049640093
716771568120
158467487503
57552390344
312208640250
1031396510784
1363819393349
433203616370
142600959818
144221952400
568250753238
353586564738
101337670668
570036577812
664719354518
128912227122
187536682674
437187755002
963855380576
939869137314
670607761824
218925168648
293487086052
104268953320
757428477909
102987216360
656838161760
291852719587
376755293824
63477542700
842386524199
13210300543
554717074709
31703663688
180013199196
23406069720
336548083016
1076192851316
400223255364
54424149095
770841845784
84094229280
57712883880
640081901184
635499418449
201569379424
313405497882
